[Vehicle]
0=-1
1=-1
2=-1
3=-1
4=-1
5=-1
6=-1
7=-1
8=-1
9=-1
10=-1
11=-1
12=-1
13=-1
14=-1
15=-1
16=-1
23=-1
24=-1
25=-1
26=-1
27=-1
28=-1
30=-1
33=-1
34=-1
35=-1
37=-1
38=-1
39=-1
45=-1
48=-1
PaintFade=0.941177
Bulletproof=0
CustomTyres=0
TOGGLE_17=0
TOGGLE_18=0
TOGGLE_19=0
TOGGLE_20=0
TOGGLE_21=0
TOGGLE_22=0
NeonEnabled=0
NeonR=255
NeonG=0
NeonB=255
SmokeR=255
SmokeG=255
SmokeB=255
WindowTint=-1
Model=-827162039
PrimaryPaint=102
SecondaryPaint=0
Pearlescent=105
PrimaryR=0
PrimaryG=255
PrimaryB=255
SecondaryR=255
SecondaryG=0
SecondaryB=255
WheelsColor=156
WheelsType=4
PlateIndex=0
PlateText= UNREAL 
[0]
model=3966705493
x=-4.780000
y=1.999998
z=-0.400000
RotX=0.000000
RotY=0.000000
RotZ=0.000000
[1]
model=1600026313
x=-3.270100
y=0.000000
z=8.499996
RotX=-90.000000
RotY=0.000000
RotZ=90.000000
[2]
model=1600026313
x=6.090047
y=0.000000
z=8.499996
RotX=-90.000000
RotY=0.000000
RotZ=90.000000
[3]
model=1600026313
x=0.000000
y=0.000000
z=14.400131
RotX=0.000000
RotY=0.000000
RotZ=90.000000
[4]
model=1600026313
x=-1.400000
y=0.000000
z=23.230188
RotX=90.000000
RotY=0.000000
RotZ=90.000000
[5]
model=1600026313
x=0.000000
y=0.000000
z=29.230211
RotX=0.000000
RotY=0.000000
RotZ=90.000000
[6]
model=1600026313
x=-9.099998
y=0.000000
z=26.230200
RotX=-36.000023
RotY=0.000000
RotZ=90.000000
[7]
model=1600026313
x=9.199999
y=0.000000
z=26.230200
RotX=36.000000
RotY=0.000000
RotZ=90.000000
[8]
model=3595011691
x=0.000000
y=0.000000
z=31.930220
RotX=0.000000
RotY=0.000000
RotZ=90.000000
[9]
model=3595011691
x=1.800000
y=0.000000
z=34.630180
RotX=0.000000
RotY=0.000000
RotZ=90.000000
[10]
model=3595011691
x=-1.800000
y=0.000000
z=34.630180
RotX=0.000000
RotY=0.000000
RotZ=90.000000
[11]
model=3595011691
x=0.000000
y=0.000000
z=37.430138
RotX=0.000000
RotY=0.000000
RotZ=90.000000
[12]
model=3966705493
x=4.780000
y=1.999998
z=-0.400000
RotX=0.000000
RotY=0.000000
RotZ=0.000000