[Vehicle]
Model=723973206
PlateText=300DUKE
Plate=5
Primary=12
Secondary=0
NeonR=255
NeonG=0
NeonB=255
Neon1=0
Neon2=0
Neon3=0
Neon4=0
SmokeR=255
SmokeG=255
SmokeB=255
Dirt=0.00
PaintFade=0.00
Pearl=10
WheelColor=156
Wheels=1
BulletproofTires=0
Tint=3
Radio=3
0=0
4=1
7=4
10=0
11=3
12=2
13=2
14=44
15=3
16=4
17=0
18=0
19=0
20=0
21=0
23=0
24=0
50=3
[0]
X=0.000000
Y=0.000000
Z=0.000000
RotX=0.000000
RotY=0.000000
RotZ=0.000000
Model=3968823444
Bone=44
Collision=1
Froozen=0
Lit=1
Type=veh
PlateText=21SPA190
Plate=0
Primary=12
Secondary=12
NeonR=255
NeonG=0
NeonB=255
Neon1=0
Neon2=0
Neon3=0
Neon4=0
Dirt=0.015290
PaintFade=0.541176
Pearl=10
WheelColor=156
Wheels=1
Tint=-1
