[Vehicle]
Model=1672195559
PlateText=62CJU107
Plate=0
Primary=0
Secondary=2
NeonR=255
NeonG=0
NeonB=255
Neon1=0
Neon2=0
Neon3=0
Neon4=0
SmokeR=255
SmokeG=255
SmokeB=255
Dirt=0.000000
PaintFade=0.000000
Pearl=4
WheelColor=156
Wheels=6
BulletproofTires=0
Tint=-1
Radio=255
12=3
13=2
14=2
18=0
19=1
20=0
21=0
22=0
23=1
[0]
X=0.000000
Y=0.600000
Z=0.500000
RotX=-30.000000
RotY=0.000000
RotZ=180.000000
Model=3747585919
Bone=0
Collision=1
Froozen=0
Lit=1
[1]
X=0.000000
Y=0.200000
Z=1.100000
RotX=-60.000000
RotY=0.000000
RotZ=180.000000
Model=1141389967
Bone=0
Collision=1
Froozen=0
Lit=1
