[Vehicle]
Model=3078201489
PlateText=49IZX678
Plate=0
Primary=111
Secondary=2
NeonR=255
NeonG=0
NeonB=255
Neon1=0
Neon2=0
Neon3=0
Neon4=0
SmokeR=255
SmokeG=255
SmokeB=255
Dirt=0.186304
PaintFade=0.341176
Pearl=70
WheelColor=156
Wheels=7
BulletproofTires=0
Tint=-1
Radio=11
18=0
19=0
20=0
21=0
22=0
23=0
extra1=1
[0]
X=0.000000
Y=0.000000
Z=0.000000
RotX=0.000000
RotY=0.000000
RotZ=0.000000
Model=410882957
Bone=-1
Collision=1
Froozen=0
Lit=1
