[Vehicle]
Model=970385471
PlateText=23MFO026
Plate=0
Primary=121
Secondary=121
NeonR=255
NeonG=0
NeonB=255
Neon1=0
Neon2=0
Neon3=0
Neon4=0
SmokeR=255
SmokeG=255
SmokeB=255
Dirt=0.839435
PaintFade=0.486275
Pearl=8
WheelColor=156
Wheels=0
BulletproofTires=0
Tint=-1
Radio=3
18=0
19=0
20=0
21=0
22=0
23=0
extra1=1
extra2=1
[0]
X=-2.700000
Y=-1.800000
Z=0.200000
RotX=0.000000
RotY=0.000000
RotZ=0.000000
Model=2198148358
Bone=-1
Collision=1
Froozen=0
Lit=1
Type=veh
Primary=132
Secondary=12
[1]
X=2.500000
Y=-1.600000
Z=0.200000
RotX=0.000000
RotY=0.000000
RotZ=0.000000
Model=2198148358
Bone=-1
Collision=1
Froozen=0
Lit=1
Type=veh
Primary=132
Secondary=12
