[Vehicle]
Model=2166734073
PlateText=41XBR400
Plate=0
Primary=27
Secondary=0
NeonR=255
NeonG=0
NeonB=255
Neon1=0
Neon2=0
Neon3=0
Neon4=0
SmokeR=255
SmokeG=255
SmokeB=255
Dirt=0.111485
PaintFade=0.584314
Pearl=0
WheelColor=156
Wheels=4
BulletproofTires=0
Tint=-1
Radio=0
18=0
19=0
20=0
21=0
22=0
23=0
[0]
X=0.000000
Y=-0.200000
Z=-0.500000
RotX=0.000000
RotY=0.000000
RotZ=0.000000
Model=3983945033
Bone=0
Collision=1
Froozen=0
Lit=1
