[Vehicle]
Model=2891838741
PlateText=65EYB574
Plate=0
Primary=111
Secondary=111
NeonR=0
NeonG=255
NeonB=21
Neon1=1
Neon2=1
Neon3=1
Neon4=1
SmokeR=0
SmokeG=255
SmokeB=75
Dirt=0.897949
PaintFade=0.513726
Pearl=0
WheelColor=156
Wheels=7
BulletproofTires=0
Tint=3
Radio=6
1=6
15=6
18=0
19=0
20=0
21=0
22=0
23=0
24=6
[0]
X=0.000000
Y=0.150000
Z=0.000000
RotX=0.000000
RotY=0.000000
RotZ=0.000000
Model=410882957
Bone=0
Collision=1
Froozen=0
Lit=1
